[0.17539053 0.82460947]
[0.17539053 0.82460947]
[0.17539053 0.82460947]
[0.17539053 0.82460947]
[0.17539053 0.82460947]
[0.17539053 0.82460947]
[0.17539053 0.82460947]
[0.17539053 0.82460947]
[0.17539054 0.82460946]
[0.17539047 0.82460953]
[0.17539077 0.82460923]
[0.17538957 0.82461043]
[0.17539441 0.82460559]
[0.1753749 0.8246251]
[0.17545353 0.82454647]
[0.17513667 0.82486333]
[0.17641438 0.82358562]
[0.17127764 0.82872236]
[0.19218241 0.80781759]
[0.11111111 0.88888889]
[0.17539053 0.82460947]
[0.17539053 0.82460947]
[0.17539053 0.82460947]
[0.17539053 0.82460947]
[0.17539053 0.82460947]
[0.17539053 0.82460947]
[0.17539053 0.82460947]
[0.17539053 0.82460947]
[0.17539053 0.82460947]
[0.17539053 0.82460947]
[0.17539053 0.82460947]
[0.17539053 0.82460947]
[0.17539053 0.82460947]
[0.17539053 0.82460947]
[0.17539053 0.82460947]
[0.17539053 0.82460947]
[0.17539053 0.82460947]
[0.17539053 0.82460947]
[0.17539053 0.82460947]
[0.17539053 0.82460947]
[0.17539053 0.82460947]
[0.17539053 0.82460947]
[0.17539053 0.82460947]
[0.17539053 0.82460947]
[0.17539053 0.82460947]
[0.17539053 0.82460947]
[0.17539053 0.82460947]
[0.17539053 0.82460947]
[0.17539053 0.82460947]
[0.17539053 0.82460947]
[0.17539053 0.82460947]
[0.17539053 0.82460947]
[0.17539053 0.82460947]
[0.17539053 0.82460947]
[0.17539053 0.82460947]
[0.17539053 0.82460947]
[0.17539053 0.82460947]
[0.17539053 0.82460947]
[0.17539053 0.82460947]
[0.17539053 0.82460947]
[0.17539053 0.82460947]
[0.17539053 0.82460947]
[0.17539053 0.82460947]
[0.17539053 0.82460947]
[0.17539053 0.82460947]
[0.17539053 0.82460947]
[0.17539053 0.82460947]
[0.17539053 0.82460947]
[0.17539053 0.82460947]
[0.17539053 0.82460947]
[0.17539053 0.82460947]
[0.17539053 0.82460947]
[0.17539053 0.82460947]
[0.17539053 0.82460947]
[0.17539053 0.82460947]
[0.17539053 0.82460947]
[0.17539053 0.82460947]
[0.17539053 0.82460947]
[0.17539053 0.82460947]
[0.17539053 0.82460947]
[0.17539053 0.82460947]
[0.17539053 0.82460947]
[0.17539053 0.82460947]
[0.17539053 0.82460947]
[0.17539053 0.82460947]
[0.17539053 0.82460947]
[0.17539053 0.82460947]
[0.17539053 0.82460947]
[0.17539053 0.82460947]
[0.17539053 0.82460947]
[0.17539053 0.82460947]
[0.17539053 0.82460947]
[0.17539053 0.82460947]
[0.17539053 0.82460947]
[0.17539053 0.82460947]
[0.17539053 0.82460947]
[0.17539053 0.82460947]
[0.17539053 0.82460947]
[0.17539053 0.82460947]
[0.17539053 0.82460947]
[0.17539053 0.82460947]
[0.17539053 0.82460947]
[0.17539053 0.82460947]
[0.17539053 0.82460947]
[0.17539053 0.82460947]
[0.17539053 0.82460947]
[0.17539053 0.82460947]
[0.17539053 0.82460947]
[0.17539053 0.82460947]
[0.17539053 0.82460947]
[0.17539053 0.82460947]
[0.17539053 0.82460947]
[0.17539053 0.82460947]
[0.17539053 0.82460947]
[0.17539053 0.82460947]
[0.17539053 0.82460947]
[0.17539053 0.82460947]
[0.17539053 0.82460947]
[0.17539053 0.82460947]
[0.17539053 0.82460947]
[0.17539053 0.82460947]
[0.17539053 0.82460947]
[0.17539053 0.82460947]
[0.17539053 0.82460947]
[0.17539053 0.82460947]
[0.17539053 0.82460947]
[0.17539053 0.82460947]
[0.17539053 0.82460947]
[0.17539053 0.82460947]
[0.17539053 0.82460947]
[0.17539053 0.82460947]
[0.17539053 0.82460947]
[0.17539053 0.82460947]
[0.17539053 0.82460947]
[0.17539053 0.82460947]
[0.17539053 0.82460947]
[0.17539053 0.82460947]
[0.17539053 0.82460947]
[0.17539053 0.82460947]
[0.17539053 0.82460947]
[0.17539053 0.82460947]
[0.17539053 0.82460947]
[0.17539053 0.82460947]
[0.17539053 0.82460947]
[0.17539053 0.82460947]
[0.17539053 0.82460947]
[0.17539053 0.82460947]
[0.17539053 0.82460947]
[0.17539053 0.82460947]
[0.17539053 0.82460947]
[0.17539053 0.82460947]
[0.17539053 0.82460947]
[0.17539053 0.82460947]
[0.17539053 0.82460947]
[0.17539053 0.82460947]
[0.17539053 0.82460947]
[0.17539053 0.82460947]
[0.17539053 0.82460947]
[0.17539053 0.82460947]
[0.17539053 0.82460947]
[0.17539053 0.82460947]
[0.17539053 0.82460947]
[0.17539053 0.82460947]
[0.17539053 0.82460947]
[0.17539053 0.82460947]
[0.17539053 0.82460947]
[0.17539053 0.82460947]
[0.17539053 0.82460947]
[0.17539053 0.82460947]
[0.17539053 0.82460947]
[0.17539053 0.82460947]
[0.17539053 0.82460947]
[0.17539053 0.82460947]
[0.17539053 0.82460947]
[0.17539053 0.82460947]
[0.17539053 0.82460947]
[0.17539053 0.82460947]
[0.17539053 0.82460947]
[0.17539053 0.82460947]
[0.17539053 0.82460947]
[0.17539053 0.82460947]
[0.17539053 0.82460947]
[0.17539053 0.82460947]
[0.17539053 0.82460947]
[0.17539053 0.82460947]
[0.17539053 0.82460947]
[0.17539053 0.82460947]
[0.17539053 0.82460947]
[0.17539053 0.82460947]
[0.17539053 0.82460947]
[0.17539053 0.82460947]
[0.17539053 0.82460947]
[0.17539053 0.82460947]
[0.17539053 0.82460947]
[0.17539053 0.82460947]
[0.17539053 0.82460947]
[0.17539053 0.82460947]
[0.17539053 0.82460947]
[0.17539053 0.82460947]
[0.17539053 0.82460947]
[0.17539053 0.82460947]
[0.17539053 0.82460947]
[0.17539053 0.82460947]
[0.17539053 0.82460947]
[0.17539053 0.82460947]
[0.17539053 0.82460947]
[0.17539053 0.82460947]
[0.17539053 0.82460947]
[0.17539053 0.82460947]
[0.17539053 0.82460947]
[0.17539053 0.82460947]
[0.17539053 0.82460947]
[0.17539053 0.82460947]
[0.17539053 0.82460947]
[0.17539053 0.82460947]
[0.17539053 0.82460947]
[0.17539053 0.82460947]
[0.17539053 0.82460947]
[0.17539053 0.82460947]
[0.17539053 0.82460947]
[0.17539053 0.82460947]
[0.17539053 0.82460947]
[0.17539053 0.82460947]
[0.17539053 0.82460947]
[0.17539053 0.82460947]
[0.17539053 0.82460947]
[0.17539053 0.82460947]
[0.17539053 0.82460947]
[0.17539053 0.82460947]
[0.17539053 0.82460947]
[0.17539053 0.82460947]
[0.17539053 0.82460947]
[0.17539053 0.82460947]
[0.17539053 0.82460947]
[0.17539053 0.82460947]
[0.17539053 0.82460947]
[0.17539053 0.82460947]
[0.17539053 0.82460947]
[0.17539053 0.82460947]
[0.17539053 0.82460947]
[0.17539053 0.82460947]
[0.17539053 0.82460947]
[0.17539053 0.82460947]
[0.17539053 0.82460947]
[0.17539053 0.82460947]
[0.17539053 0.82460947]
[0.17539053 0.82460947]
[0.17539053 0.82460947]
[0.17539053 0.82460947]
[0.17539053 0.82460947]
[0.17539053 0.82460947]
[0.17539053 0.82460947]
[0.17539053 0.82460947]
[0.17539053 0.82460947]
[0.17539053 0.82460947]
[0.17539053 0.82460947]
[0.17539053 0.82460947]
[0.17539053 0.82460947]
[0.17539053 0.82460947]
[0.17539053 0.82460947]
[0.17539053 0.82460947]
[0.17539053 0.82460947]
[0.17539053 0.82460947]
[0.17539053 0.82460947]
[0.17539053 0.82460947]
[0.17539053 0.82460947]
[0.17539053 0.82460947]
[0.17539053 0.82460947]
[0.17539053 0.82460947]
[0.17539053 0.82460947]
[0.17539053 0.82460947]
[0.17539053 0.82460947]
[0.17539053 0.82460947]
[0.17539053 0.82460947]
[0.17539053 0.82460947]
[0.17539053 0.82460947]
[0.17539053 0.82460947]
[0.17539053 0.82460947]
[0.17539053 0.82460947]
[0.17539053 0.82460947]
[0.17539053 0.82460947]
[0.17539053 0.82460947]
[0.17539053 0.82460947]
[0.17539053 0.82460947]
[0.17539053 0.82460947]
[0.17539053 0.82460947]
[0.17539053 0.82460947]
[0.17539053 0.82460947]
[0.17539053 0.82460947]
[0.17539053 0.82460947]
[0.17539053 0.82460947]
[0.17539053 0.82460947]
[0.17539053 0.82460947]
[0.17539053 0.82460947]
[0.17539053 0.82460947]
[0.17539053 0.82460947]
[0.17539053 0.82460947]
[0.17539053 0.82460947]
[0.17539053 0.82460947]
[0.17539053 0.82460947]
