[0.17539053 0.82460947]
[0.04816376 0.95183624]
[0.04210813 0.95789187]
[0.04357467 0.95642533]
[0.0432086 0.9567914]
[0.0432993 0.9567007]
[0.04327679 0.95672321]
[0.04328238 0.95671762]
[0.04328097 0.95671903]
[0.0432814 0.9567186]
[0.04328097 0.95671903]
[0.04328238 0.95671762]
[0.04327679 0.95672321]
[0.0432993 0.9567007]
[0.0432086 0.9567914]
[0.04357467 0.95642533]
[0.04210813 0.95789187]
[0.04816376 0.95183624]
[0.02589835 0.97410165]
[0.17539053 0.82460947]
[0.17539053 0.82460947]
[0.04328126 0.95671874]
[0.04328126 0.95671874]
[0.04328126 0.95671874]
[0.04328126 0.95671874]
[0.04328126 0.95671874]
[0.04328126 0.95671874]
[0.04328126 0.95671874]
[0.04328126 0.95671874]
[0.04328126 0.95671874]
[0.04328126 0.95671874]
[0.04328126 0.95671874]
[0.04328126 0.95671874]
[0.04328126 0.95671874]
[0.04328126 0.95671874]
[0.04328126 0.95671874]
[0.04328126 0.95671874]
[0.04328126 0.95671874]
[0.04328126 0.95671874]
[0.17539053 0.82460947]
[0.17539053 0.82460947]
[0.04328126 0.95671874]
[0.04328126 0.95671874]
[0.04328126 0.95671874]
[0.04328126 0.95671874]
[0.04328126 0.95671874]
[0.04328126 0.95671874]
[0.04328126 0.95671874]
[0.04328126 0.95671874]
[0.04328126 0.95671874]
[0.04328126 0.95671874]
[0.04328126 0.95671874]
[0.04328126 0.95671874]
[0.04328126 0.95671874]
[0.04328126 0.95671874]
[0.04328126 0.95671874]
[0.04328126 0.95671874]
[0.04328126 0.95671874]
[0.04328126 0.95671874]
[0.17539053 0.82460947]
[0.17539053 0.82460947]
[0.04328126 0.95671874]
[0.04328126 0.95671874]
[0.04328126 0.95671874]
[0.04328126 0.95671874]
[0.04328126 0.95671874]
[0.04328126 0.95671874]
[0.04328126 0.95671874]
[0.04328126 0.95671874]
[0.04328126 0.95671874]
[0.04328126 0.95671874]
[0.04328126 0.95671874]
[0.04328126 0.95671874]
[0.04328126 0.95671874]
[0.04328126 0.95671874]
[0.04328126 0.95671874]
[0.04328126 0.95671874]
[0.04328126 0.95671874]
[0.04328126 0.95671874]
[0.17539053 0.82460947]
[0.17539053 0.82460947]
[0.04328126 0.95671874]
[0.04328126 0.95671874]
[0.04328126 0.95671874]
[0.04328126 0.95671874]
[0.04328126 0.95671874]
[0.04328126 0.95671874]
[0.04328126 0.95671874]
[0.04328126 0.95671874]
[0.04328126 0.95671874]
[0.04328126 0.95671874]
[0.04328126 0.95671874]
[0.04328126 0.95671874]
[0.04328126 0.95671874]
[0.04328126 0.95671874]
[0.04328126 0.95671874]
[0.04328126 0.95671874]
[0.04328126 0.95671874]
[0.04328126 0.95671874]
[0.17539053 0.82460947]
[0.17539053 0.82460947]
[0.04328126 0.95671874]
[0.04328126 0.95671874]
[0.04328126 0.95671874]
[0.04328126 0.95671874]
[0.04328126 0.95671874]
[0.04328126 0.95671874]
[0.04328126 0.95671874]
[0.04328126 0.95671874]
[0.04328126 0.95671874]
[0.04328126 0.95671874]
[0.04328126 0.95671874]
[0.04328126 0.95671874]
[0.04328126 0.95671874]
[0.04328126 0.95671874]
[0.04328126 0.95671874]
[0.04328126 0.95671874]
[0.04328126 0.95671874]
[0.04328126 0.95671874]
[0.17539053 0.82460947]
[0.17539053 0.82460947]
[0.04328126 0.95671874]
[0.04328126 0.95671874]
[0.04328126 0.95671874]
[0.04328126 0.95671874]
[0.04328126 0.95671874]
[0.04328126 0.95671874]
[0.04328126 0.95671874]
[0.04328126 0.95671874]
[0.04328126 0.95671874]
[0.04328126 0.95671874]
[0.04328126 0.95671874]
[0.04328126 0.95671874]
[0.04328126 0.95671874]
[0.04328126 0.95671874]
[0.04328126 0.95671874]
[0.04328126 0.95671874]
[0.04328126 0.95671874]
[0.04328126 0.95671874]
[0.17539053 0.82460947]
[0.17539053 0.82460947]
[0.04328126 0.95671874]
[0.04328126 0.95671874]
[0.04328126 0.95671874]
[0.04328126 0.95671874]
[0.04328126 0.95671874]
[0.04328126 0.95671874]
[0.04328126 0.95671874]
[0.04328126 0.95671874]
[0.04328126 0.95671874]
[0.04328126 0.95671874]
[0.04328126 0.95671874]
[0.04328126 0.95671874]
[0.04328126 0.95671874]
[0.04328126 0.95671874]
[0.04328126 0.95671874]
[0.04328126 0.95671874]
[0.04328126 0.95671874]
[0.04328126 0.95671874]
[0.17539053 0.82460947]
[0.17539053 0.82460947]
[0.04328126 0.95671874]
[0.04328126 0.95671874]
[0.04328126 0.95671874]
[0.04328126 0.95671874]
[0.04328126 0.95671874]
[0.04328126 0.95671874]
[0.04328126 0.95671874]
[0.04328126 0.95671874]
[0.04328126 0.95671874]
[0.04328126 0.95671874]
[0.04328126 0.95671874]
[0.04328126 0.95671874]
[0.04328126 0.95671874]
[0.04328126 0.95671874]
[0.04328126 0.95671874]
[0.04328126 0.95671874]
[0.04328126 0.95671874]
[0.04328126 0.95671874]
[0.17539053 0.82460947]
[0.17539053 0.82460947]
[0.04328126 0.95671874]
[0.04328126 0.95671874]
[0.04328126 0.95671874]
[0.04328126 0.95671874]
[0.04328126 0.95671874]
[0.04328126 0.95671874]
[0.04328126 0.95671874]
[0.04328126 0.95671874]
[0.04328126 0.95671874]
[0.04328126 0.95671874]
[0.04328126 0.95671874]
[0.04328126 0.95671874]
[0.04328126 0.95671874]
[0.04328126 0.95671874]
[0.04328126 0.95671874]
[0.04328126 0.95671874]
[0.04328126 0.95671874]
[0.04328126 0.95671874]
[0.17539053 0.82460947]
[0.17539053 0.82460947]
[0.04328126 0.95671874]
[0.04328126 0.95671874]
[0.04328126 0.95671874]
[0.04328126 0.95671874]
[0.04328126 0.95671874]
[0.04328126 0.95671874]
[0.04328126 0.95671874]
[0.04328126 0.95671874]
[0.04328126 0.95671874]
[0.04328126 0.95671874]
[0.04328126 0.95671874]
[0.04328126 0.95671874]
[0.04328126 0.95671874]
[0.04328126 0.95671874]
[0.04328126 0.95671874]
[0.04328126 0.95671874]
[0.04328126 0.95671874]
[0.04328126 0.95671874]
[0.17539053 0.82460947]
[0.17539053 0.82460947]
[0.04328126 0.95671874]
[0.04328126 0.95671874]
[0.04328126 0.95671874]
[0.04328126 0.95671874]
[0.04328126 0.95671874]
[0.04328126 0.95671874]
[0.04328126 0.95671874]
[0.04328126 0.95671874]
[0.04328126 0.95671874]
[0.04328126 0.95671874]
[0.04328126 0.95671874]
[0.04328126 0.95671874]
[0.04328126 0.95671874]
[0.04328126 0.95671874]
[0.04328126 0.95671874]
[0.04328126 0.95671874]
[0.04328126 0.95671874]
[0.04328126 0.95671874]
[0.17539053 0.82460947]
[0.17539053 0.82460947]
[0.04328126 0.95671874]
[0.04328126 0.95671874]
[0.04328126 0.95671874]
[0.04328126 0.95671874]
[0.04328126 0.95671874]
[0.04328126 0.95671874]
[0.04328126 0.95671874]
[0.04328126 0.95671874]
[0.04328126 0.95671874]
[0.04328126 0.95671874]
[0.04328126 0.95671874]
[0.04328126 0.95671874]
[0.04328126 0.95671874]
[0.04328126 0.95671874]
[0.04328126 0.95671874]
[0.04328126 0.95671874]
[0.04328126 0.95671874]
[0.04328126 0.95671874]
[0.17539053 0.82460947]
[0.17539053 0.82460947]
[0.04328126 0.95671874]
[0.04328126 0.95671874]
[0.04328126 0.95671874]
[0.04328126 0.95671874]
[0.04328126 0.95671874]
[0.04328126 0.95671874]
[0.04328126 0.95671874]
[0.04328126 0.95671874]
[0.04328126 0.95671874]
[0.04328126 0.95671874]
[0.04328126 0.95671874]
[0.04328126 0.95671874]
[0.04328126 0.95671874]
[0.04328126 0.95671874]
[0.04328126 0.95671874]
[0.04328126 0.95671874]
[0.04328126 0.95671874]
[0.04328126 0.95671874]
[0.17539053 0.82460947]
[0.17539053 0.82460947]
[0.04328126 0.95671874]
[0.04328126 0.95671874]
[0.04328126 0.95671874]
[0.04328126 0.95671874]
[0.04328126 0.95671874]
[0.04328126 0.95671874]
[0.04328126 0.95671874]
[0.04328126 0.95671874]
[0.04328126 0.95671874]
[0.04328126 0.95671874]
[0.04328126 0.95671874]
[0.04328126 0.95671874]
[0.04328126 0.95671874]
[0.04328126 0.95671874]
[0.04328126 0.95671874]
[0.04328126 0.95671874]
[0.04328126 0.95671874]
[0.04328126 0.95671874]
[0.17539053 0.82460947]
